f1_average_strict: 0.437729
f1_aspect_strict: 0.128834
f1_object_strict: 0.354149
f1_predicate_strict: 0.812500
f1_average: 0.452591
f1_aspect: 0.158998
f1_object: 0.360194
f1_predicate: 0.835016
